parameter lambda1(t)  Value of energy storage use case 1 in time period t ($ per kW)

/1	0.03
2	0.03
3	0.03
4	0.03
5	0.03
6	0.03
7	0.03
8	0.03
9	0.03
10	0.03
11	0.03
12	0.03
13	0.03
14	0.03
15	0.03
16	0.03
17	0.03
18	0.03
19	0.03
20	0.03
21	0.03
22	0.03
23	0.03
24	0.03
25	0.03
26	0.03
27	0.03
28	0.03
29	0.03
30	0.03
31	0.03
32	0.03
33	0.03
34	0.03
35	0.03
36	0.03
37	0.03
38	0.03
39	0.03
40	0.03
41	0.03
42	0.03
43	0.03
44	0.03
45	0.03
46	0.03
47	0.03
48	0.03
49	0.03
50	0.03
51	0.03
52	0.03
53	0.03
54	0.03
55	0.03
56	0.03
57	0.03
58	0.03
59	0.03
60	0.03
61	0.03
62	0.03
63	0.03
64	0.03
65	0.03
66	0.03
67	0.03
68	0.03
69	0.03
70	0.03
71	0.03
72	0.03
73	0.06
74	0.06
75	0.06
76	0.06
77	0.06
78	0.06
79	0.06
80	0.06
81	0.06
82	0.06
83	0.06
84	0.06
85	0.06
86	0.06
87	0.06
88	0.06
89	0.06
90	0.06
91	0.06
92	0.06
93	0.06
94	0.06
95	0.06
96	0.06
97	0.06
98	0.06
99	0.06
100	0.06
101	0.06
102	0.06
103	0.06
104	0.06
105	0.06
106	0.06
107	0.06
108	0.06
109	0.06
110	0.06
111	0.06
112	0.06
113	0.06
114	0.06
115	0.06
116	0.06
117	0.06
118	0.06
119	0.06
120	0.06
121	0.06
122	0.06
123	0.01
124	0.01
125	0.01
126	0.01
127	0.01
128	0.01
129	0.01
130	0.01
131	0.01
132	0.01
133	0.01
134	0.01
135	0.01
136	0.01
137	0.01
138	0.01
139	0.01
140	0.01
141	0.01
142	0.01
143	0.01
144	0.01
145	0.01
146	0.01
147	0.01
148	0.01
149	0.01
150	0.01
151	0.01
152	0.01
153	0.01
154	0.01
155	0.01
156	0.01
157	0.01
158	0.01
159	0.01
160	0.01
161	0.01
162	0.01
163	0.01
164	0.01
165	0.01
166	0.01
167	0.01
168	0.01
169	0.01
170	0.01
171	0.01
172	0.01
173	0.01
174	0.01
175	0.01
176	0.01
177	0.01
178	0.01
179	0.01
180	0.01
181	0.01
182	0.01
183	0.01
184	0.01
185	0.01
186	0.01
187	0.01
188	0.01
189	0.01
190	0.01
191	0.01
192	0.01
193	0.01
194	0.01
195	0.06
196	0.06
197	0.06
198	0.06
199	0.06
200	0.06
201	0.06
202	0.06
203	0.06
204	0.06
205	0.06
206	0.06
207	0.06
208	0.06
209	0.06
210	0.06
211	0.06
212	0.06
213	0.06
214	0.06
215	0.06
216	0.06
217	0.06
218	0.06
219	0.03
220	0.03
221	0.03
222	0.03
223	0.03
224	0.03
225	0.03
226	0.03
227	0.03
228	0.03
229	0.03
230	0.03
231	0.03
232	0.03
233	0.03
234	0.03
235	0.03
236	0.03
237	0.03
238	0.03
239	0.03
240	0.03
241	0.03
242	0.03
243	0.03
244	0.03
245	0.03
246	0.03
247	0.03
248	0.03
249	0.03
250	0.03
251	0.03
252	0.03
253	0.03
254	0.03
255	0.03
256	0.03
257	0.03
258	0.03
259	0.03
260	0.03
261	0.03
262	0.03
263	0.03
264	0.03
265	0.03
266	0.03
267	0.03
268	0.03
269	0.03
270	0.03
271	0.03
272	0.03
273	0.03
274	0.03
275	0.03
276	0.03
277	0.03
278	0.03
279	0.03
280	0.03
281	0.03
282	0.03
283	0.03
284	0.03
285	0.03
286	0.03
287	0.03
288	0.03
/;
