parameter g_a(t) Solar power generation in one winter day
*t      g_a(t) (kW)
/    
    1	0
    2	0
    3	0
    4	0
    5	0
    6	0
    7	0
    8	0
    9	0
    10	0
    11	0
    12	0
    13	0
    14	0
    15	0
    16	0
    17	0
    18	0
    19	0
    20	0
    21	0
    22	0
    23	0
    24	0
    25	0
    26	0
    27	0
    28	0
    29	0
    30	0
    31	0
    32	0
    33	0
    34	0
    35	0
    36	0
    37	0
    38	0
    39	0
    40	0
    41	0
    42	0
    43	0
    44	0
    45	0
    46	0
    47	0
    48	0
    49	0
    50	0
    51	0
    52	0
    53	0
    54	0
    55	0
    56	0
    57	0
    58	0
    59	0
    60	0
    61	0
    62	0
    63	0
    64	0
    65	0
    66	0
    67	0
    68	0
    69	0
    70	0
    71	0
    72	0
    73	0
    74	0
    75	0
    76	0
    77	0
    78	0
    79	0
    80	0
    81	0
    82	0
    83	0
    84	0
    85	0
    86	0
    87	0
    88	0
    89	0
    90	0
    91	100
    92	100
    93	200
    94	400
    95	600
    96	400
    97	200
    98	0
    99	400
    100	600
    101	400
    102	300
    103	300
    104	400
    105	600
    106	800
    107	900
    108	1200
    109	1500
    110	1700
    111	1900
    112	1800
    113	2000
    114	2600
    115	2900
    116	3200
    117	3500
    118	4300
    119	4900
    120	5900
    121	6500
    122	7300
    123	7900
    124	8300
    125	10000
    126	10600
    127	11000
    128	11800
    129	12400
    130	12600
    131	11400
    132	9200
    133	6400
    134	5700
    135	6000
    136	8100
    137	10900
    138	12200
    139	12900
    140	13800
    141	13800
    142	13900
    143	14400
    144	14800
    145	14400
    146	13200
    147	13500
    148	14500
    149	15200
    150	15600
    151	15800
    152	15700
    153	15000
    154	14700
    155	12400
    156	10900
    157	11600
    158	12400
    159	12500
    160	12800
    161	11500
    162	11000
    163	11200
    164	11600
    165	11600
    166	10600
    167	8200
    168	8900
    169	9400
    170	9100
    171	8700
    172	9000
    173	8800
    174	8300
    175	7400
    176	6300
    177	5400
    178	5400
    179	5800
    180	5400
    181	4900
    182	4700
    183	4100
    184	3800
    185	3900
    186	3800
    187	3600
    188	3400
    189	3200
    190	2900
    191	2600
    192	1900
    193	1200
    194	600
    195	300
    196	100
    197	0
    198	0
    199	0
    200	0
    201	0
    202	0
    203	0
    204	0
    205	0
    206	0
    207	0
    208	0
    209	0
    210	0
    211	0
    212	0
    213	0
    214	0
    215	0
    216	0
    217	0
    218	0
    219	0
    220	0
    221	0
    222	0
    223	0
    224	0
    225	0
    226	0
    227	0
    228	0
    229	0
    230	0
    231	0
    232	0
    233	0
    234	0
    235	0
    236	0
    237	0
    238	0
    239	0
    240	0
    241	0
    242	0
    243	0
    244	0
    245	0
    246	0
    247	0
    248	0
    249	0
    250	0
    251	0
    252	0
    253	0
    254	0
    255	0
    256	0
    257	0
    258	0
    259	0
    260	0
    261	0
    262	0
    263	0
    264	0
    265	0
    266	0
    267	0
    268	0
    269	0
    270	0
    271	0
    272	0
    273	0
    274	0
    275	0
    276	0
    277	0
    278	0
    279	0
    280	0
    281	0
    282	0
    283	0
    284	0
    285	0
    286	0
    287	0
    288	0
/
;
