parameter g_a(t) Solar power generation in one summer day
*t      g_a(t) (kW)
    /1	0
    2	0
    3	0
    4	0
    5	0
    6	0
    7	0
    8	0
    9	0
    10	0
    11	0
    12	0
    13	0
    14	0
    15	0
    16	0
    17	0
    18	0
    19	0
    20	0
    21	0
    22	0
    23	0
    24	0
    25	0
    26	0
    27	0
    28	0
    29	0
    30	0
    31	0
    32	0
    33	0
    34	0
    35	0
    36	0
    37	0
    38	0
    39	0
    40	0
    41	0
    42	0
    43	0
    44	0
    45	0
    46	0
    47	0
    48	0
    49	0
    50	0
    51	0
    52	0
    53	0
    54	0
    55	0
    56	0
    57	0
    58	0
    59	0
    60	0
    61	0
    62	0
    63	0
    64	0
    65	0
    66	0
    67	0
    68	0
    69	0
    70	0
    71	0
    72	0
    73	0
    74	0
    75	0
    76	0
    77	0
    78	0
    79	0
    80	0
    81	0
    82	0
    83	0
    84	0
    85	0
    86	0
    87	0
    88	0
    89	0
    90	0
    91	0
    92	0
    93	0
    94	0
    95	0
    96	0
    97	0
    98	0
    99	0
    100	0
    101	0
    102	0
    103	0
    104	0
    105	0
    106	0
    107	0
    108	0
    109	0
    110	0
    111	0
    112	0
    113	0
    114	0
    115	800
    116	4000
    117	6100
    118	7700
    119	8700
    120	9100
    121	9400
    122	10100
    123	8800
    124	6700
    125	5000
    126	4000
    127	3200
    128	2600
    129	1700
    130	1200
    131	800
    132	700
    133	600
    134	600
    135	600
    136	600
    137	400
    138	400
    139	500
    140	700
    141	900
    142	1500
    143	2200
    144	2600
    145	2700
    146	2800
    147	2800
    148	2600
    149	2300
    150	2100
    151	1800
    152	2000
    153	2600
    154	3000
    155	3100
    156	3200
    157	3200
    158	3400
    159	3400
    160	3000
    161	1600
    162	600
    163	300
    164	200
    165	200
    166	200
    167	200
    168	200
    169	200
    170	100
    171	100
    172	100
    173	100
    174	100
    175	100
    176	100
    177	100
    178	100
    179	100
    180	100
    181	100
    182	100
    183	100
    184	100
    185	100
    186	100
    187	0
    188	0
    189	0
    190	0
    191	0
    192	0
    193	0
    194	0
    195	0
    196	0
    197	0
    198	0
    199	0
    200	0
    201	0
    202	0
    203	0
    204	0
    205	0
    206	0
    207	0
    208	0
    209	0
    210	0
    211	0
    212	0
    213	0
    214	0
    215	0
    216	0
    217	0
    218	0
    219	0
    220	0
    221	0
    222	0
    223	0
    224	0
    225	0
    226	0
    227	0
    228	0
    229	0
    230	0
    231	0
    232	0
    233	0
    234	0
    235	0
    236	0
    237	0
    238	0
    239	0
    240	0
    241	0
    242	0
    243	0
    244	0
    245	0
    246	0
    247	0
    248	0
    249	0
    250	0
    251	0
    252	0
    253	0
    254	0
    255	0
    256	0
    257	0
    258	0
    259	0
    260	0
    261	0
    262	0
    263	0
    264	0
    265	0
    266	0
    267	0
    268	0
    269	0
    270	0
    271	0
    272	0
    273	0
    274	0
    275	0
    276	0
    277	0
    278	0
    279	0
    280	0
    281	0
    282	0
    283	0
    284	0
    285	0
    286	0
    287	0
    288	0
/
;
