parameter g_t(t) Solar power generation in one summer day
*t      g_t(t) (kW)
    /1	526.3889
    2	526.3889
    3	526.3889
    4	526.3889
    5	526.3889
    6	526.3889
    7	526.3889
    8	526.3889
    9	526.3889
    10	526.3889
    11	526.3889
    12	526.3889
    13	526.3889
    14	526.3889
    15	526.3889
    16	526.3889
    17	526.3889
    18	526.3889
    19	526.3889
    20	526.3889
    21	526.3889
    22	526.3889
    23	526.3889
    24	526.3889
    25	526.3889
    26	526.3889
    27	526.3889
    28	526.3889
    29	526.3889
    30	526.3889
    31	526.3889
    32	526.3889
    33	526.3889
    34	526.3889
    35	526.3889
    36	526.3889
    37	526.3889
    38	526.3889
    39	526.3889
    40	526.3889
    41	526.3889
    42	526.3889
    43	526.3889
    44	526.3889
    45	526.3889
    46	526.3889
    47	526.3889
    48	526.3889
    49	526.3889
    50	526.3889
    51	526.3889
    52	526.3889
    53	526.3889
    54	526.3889
    55	526.3889
    56	526.3889
    57	526.3889
    58	526.3889
    59	526.3889
    60	526.3889
    61	526.3889
    62	526.3889
    63	526.3889
    64	526.3889
    65	526.3889
    66	526.3889
    67	526.3889
    68	526.3889
    69	526.3889
    70	526.3889
    71	526.3889
    72	526.3889
    73	526.3889
    74	526.3889
    75	526.3889
    76	526.3889
    77	526.3889
    78	526.3889
    79	526.3889
    80	526.3889
    81	526.3889
    82	526.3889
    83	526.3889
    84	526.3889
    85	526.3889
    86	526.3889
    87	526.3889
    88	526.3889
    89	526.3889
    90	526.3889
    91	526.3889
    92	526.3889
    93	526.3889
    94	526.3889
    95	526.3889
    96	526.3889
    97	526.3889
    98	526.3889
    99	526.3889
    100	526.3889
    101	526.3889
    102	526.3889
    103	526.3889
    104	526.3889
    105	526.3889
    106	526.3889
    107	526.3889
    108	526.3889
    109	526.3889
    110	526.3889
    111	526.3889
    112	526.3889
    113	526.3889
    114	526.3889
    115	526.3889
    116	526.3889
    117	526.3889
    118	526.3889
    119	526.3889
    120	526.3889
    121	526.3889
    122	526.3889
    123	526.3889
    124	526.3889
    125	526.3889
    126	526.3889
    127	526.3889
    128	526.3889
    129	526.3889
    130	526.3889
    131	526.3889
    132	526.3889
    133	526.3889
    134	526.3889
    135	526.3889
    136	526.3889
    137	526.3889
    138	526.3889
    139	526.3889
    140	526.3889
    141	526.3889
    142	526.3889
    143	526.3889
    144	526.3889
    145	526.3889
    146	526.3889
    147	526.3889
    148	526.3889
    149	526.3889
    150	526.3889
    151	526.3889
    152	526.3889
    153	526.3889
    154	526.3889
    155	526.3889
    156	526.3889
    157	526.3889
    158	526.3889
    159	526.3889
    160	526.3889
    161	526.3889
    162	526.3889
    163	526.3889
    164	526.3889
    165	526.3889
    166	526.3889
    167	526.3889
    168	526.3889
    169	526.3889
    170	526.3889
    171	526.3889
    172	526.3889
    173	526.3889
    174	526.3889
    175	526.3889
    176	526.3889
    177	526.3889
    178	526.3889
    179	526.3889
    180	526.3889
    181	526.3889
    182	526.3889
    183	526.3889
    184	526.3889
    185	526.3889
    186	526.3889
    187	526.3889
    188	526.3889
    189	526.3889
    190	526.3889
    191	526.3889
    192	526.3889
    193	526.3889
    194	526.3889
    195	526.3889
    196	526.3889
    197	526.3889
    198	526.3889
    199	526.3889
    200	526.3889
    201	526.3889
    202	526.3889
    203	526.3889
    204	526.3889
    205	526.3889
    206	526.3889
    207	526.3889
    208	526.3889
    209	526.3889
    210	526.3889
    211	526.3889
    212	526.3889
    213	526.3889
    214	526.3889
    215	526.3889
    216	526.3889
    217	526.3889
    218	526.3889
    219	526.3889
    220	526.3889
    221	526.3889
    222	526.3889
    223	526.3889
    224	526.3889
    225	526.3889
    226	526.3889
    227	526.3889
    228	526.3889
    229	526.3889
    230	526.3889
    231	526.3889
    232	526.3889
    233	526.3889
    234	526.3889
    235	526.3889
    236	526.3889
    237	526.3889
    238	526.3889
    239	526.3889
    240	526.3889
    241	526.3889
    242	526.3889
    243	526.3889
    244	526.3889
    245	526.3889
    246	526.3889
    247	526.3889
    248	526.3889
    249	526.3889
    250	526.3889
    251	526.3889
    252	526.3889
    253	526.3889
    254	526.3889
    255	526.3889
    256	526.3889
    257	526.3889
    258	526.3889
    259	526.3889
    260	526.3889
    261	526.3889
    262	526.3889
    263	526.3889
    264	526.3889
    265	526.3889
    266	526.3889
    267	526.3889
    268	526.3889
    269	526.3889
    270	526.3889
    271	526.3889
    272	526.3889
    273	526.3889
    274	526.3889
    275	526.3889
    276	526.3889
    277	526.3889
    278	526.3889
    279	526.3889
    280	526.3889
    281	526.3889
    282	526.3889
    283	526.3889
    284	526.3889
    285	526.3889
    286	526.3889
    287	526.3889
    288	526.3889
/;
