parameter g_t(t) Solar power generation in one summer day
*t      g_t(t) (kW)
    /1	2551.4
    2	2551.4
    3	2551.4
    4	2551.4
    5	2551.4
    6	2551.4
    7	2551.4
    8	2551.4
    9	2551.4
    10	2551.4
    11	2551.4
    12	2551.4
    13	2551.4
    14	2551.4
    15	2551.4
    16	2551.4
    17	2551.4
    18	2551.4
    19	2551.4
    20	2551.4
    21	2551.4
    22	2551.4
    23	2551.4
    24	2551.4
    25	2551.4
    26	2551.4
    27	2551.4
    28	2551.4
    29	2551.4
    30	2551.4
    31	2551.4
    32	2551.4
    33	2551.4
    34	2551.4
    35	2551.4
    36	2551.4
    37	2551.4
    38	2551.4
    39	2551.4
    40	2551.4
    41	2551.4
    42	2551.4
    43	2551.4
    44	2551.4
    45	2551.4
    46	2551.4
    47	2551.4
    48	2551.4
    49	2551.4
    50	2551.4
    51	2551.4
    52	2551.4
    53	2551.4
    54	2551.4
    55	2551.4
    56	2551.4
    57	2551.4
    58	2551.4
    59	2551.4
    60	2551.4
    61	2551.4
    62	2551.4
    63	2551.4
    64	2551.4
    65	2551.4
    66	2551.4
    67	2551.4
    68	2551.4
    69	2551.4
    70	2551.4
    71	2551.4
    72	2551.4
    73	2551.4
    74	2551.4
    75	2551.4
    76	2551.4
    77	2551.4
    78	2551.4
    79	2551.4
    80	2551.4
    81	2551.4
    82	2551.4
    83	2551.4
    84	2551.4
    85	2551.4
    86	2551.4
    87	2551.4
    88	2551.4
    89	2551.4
    90	2551.4
    91	2551.4
    92	2551.4
    93	2551.4
    94	2551.4
    95	2551.4
    96	2551.4
    97	2551.4
    98	2551.4
    99	2551.4
    100	2551.4
    101	2551.4
    102	2551.4
    103	2551.4
    104	2551.4
    105	2551.4
    106	2551.4
    107	2551.4
    108	2551.4
    109	2551.4
    110	2551.4
    111	2551.4
    112	2551.4
    113	2551.4
    114	2551.4
    115	2551.4
    116	2551.4
    117	2551.4
    118	2551.4
    119	2551.4
    120	2551.4
    121	2551.4
    122	2551.4
    123	2551.4
    124	2551.4
    125	2551.4
    126	2551.4
    127	2551.4
    128	2551.4
    129	2551.4
    130	2551.4
    131	2551.4
    132	2551.4
    133	2551.4
    134	2551.4
    135	2551.4
    136	2551.4
    137	2551.4
    138	2551.4
    139	2551.4
    140	2551.4
    141	2551.4
    142	2551.4
    143	2551.4
    144	2551.4
    145	2551.4
    146	2551.4
    147	2551.4
    148	2551.4
    149	2551.4
    150	2551.4
    151	2551.4
    152	2551.4
    153	2551.4
    154	2551.4
    155	2551.4
    156	2551.4
    157	2551.4
    158	2551.4
    159	2551.4
    160	2551.4
    161	2551.4
    162	2551.4
    163	2551.4
    164	2551.4
    165	2551.4
    166	2551.4
    167	2551.4
    168	2551.4
    169	2551.4
    170	2551.4
    171	2551.4
    172	2551.4
    173	2551.4
    174	2551.4
    175	2551.4
    176	2551.4
    177	2551.4
    178	2551.4
    179	2551.4
    180	2551.4
    181	2551.4
    182	2551.4
    183	2551.4
    184	2551.4
    185	2551.4
    186	2551.4
    187	2551.4
    188	2551.4
    189	2551.4
    190	2551.4
    191	2551.4
    192	2551.4
    193	2551.4
    194	2551.4
    195	2551.4
    196	2551.4
    197	2551.4
    198	2551.4
    199	2551.4
    200	2551.4
    201	2551.4
    202	2551.4
    203	2551.4
    204	2551.4
    205	2551.4
    206	2551.4
    207	2551.4
    208	2551.4
    209	2551.4
    210	2551.4
    211	2551.4
    212	2551.4
    213	2551.4
    214	2551.4
    215	2551.4
    216	2551.4
    217	2551.4
    218	2551.4
    219	2551.4
    220	2551.4
    221	2551.4
    222	2551.4
    223	2551.4
    224	2551.4
    225	2551.4
    226	2551.4
    227	2551.4
    228	2551.4
    229	2551.4
    230	2551.4
    231	2551.4
    232	2551.4
    233	2551.4
    234	2551.4
    235	2551.4
    236	2551.4
    237	2551.4
    238	2551.4
    239	2551.4
    240	2551.4
    241	2551.4
    242	2551.4
    243	2551.4
    244	2551.4
    245	2551.4
    246	2551.4
    247	2551.4
    248	2551.4
    249	2551.4
    250	2551.4
    251	2551.4
    252	2551.4
    253	2551.4
    254	2551.4
    255	2551.4
    256	2551.4
    257	2551.4
    258	2551.4
    259	2551.4
    260	2551.4
    261	2551.4
    262	2551.4
    263	2551.4
    264	2551.4
    265	2551.4
    266	2551.4
    267	2551.4
    268	2551.4
    269	2551.4
    270	2551.4
    271	2551.4
    272	2551.4
    273	2551.4
    274	2551.4
    275	2551.4
    276	2551.4
    277	2551.4
    278	2551.4
    279	2551.4
    280	2551.4
    281	2551.4
    282	2551.4
    283	2551.4
    284	2551.4
    285	2551.4
    286	2551.4
    287	2551.4
    288	2551.4
/
;
