parameter alpha(t) Price of energy at time interval t for summer
*t      alpha(t) ($)
    /1	0.065
    2	0.065
    3	0.065
    4	0.065
    5	0.065
    6	0.065
    7	0.065
    8	0.065
    9	0.065
    10	0.065
    11	0.065
    12	0.065
    13	0.065
    14	0.065
    15	0.065
    16	0.065
    17	0.065
    18	0.065
    19	0.065
    20	0.065
    21	0.065
    22	0.065
    23	0.065
    24	0.065
    25	0.065
    26	0.065
    27	0.065
    28	0.065
    29	0.065
    30	0.065
    31	0.065
    32	0.065
    33	0.065
    34	0.065
    35	0.065
    36	0.065
    37	0.065
    38	0.065
    39	0.065
    40	0.065
    41	0.065
    42	0.065
    43	0.065
    44	0.065
    45	0.065
    46	0.065
    47	0.065
    48	0.065
    49	0.065
    50	0.065
    51	0.065
    52	0.065
    53	0.065
    54	0.065
    55	0.065
    56	0.065
    57	0.065
    58	0.065
    59	0.065
    60	0.065
    61	0.065
    62	0.065
    63	0.065
    64	0.065
    65	0.065
    66	0.065
    67	0.065
    68	0.065
    69	0.065
    70	0.065
    71	0.065
    72	0.065
    73	0.094
    74	0.094
    75	0.094
    76	0.094
    77	0.094
    78	0.094
    79	0.094
    80	0.094
    81	0.094
    82	0.094
    83	0.094
    84	0.094
    85	0.094
    86	0.094
    87	0.094
    88	0.094
    89	0.094
    90	0.094
    91	0.094
    92	0.094
    93	0.094
    94	0.094
    95	0.094
    96	0.094
    97	0.094
    98	0.094
    99	0.094
    100	0.094
    101	0.094
    102	0.094
    103	0.094
    104	0.094
    105	0.094
    106	0.094
    107	0.094
    108	0.094
    109	0.094
    110	0.094
    111	0.094
    112	0.094
    113	0.094
    114	0.094
    115	0.094
    116	0.094
    117	0.094
    118	0.094
    119	0.094
    120	0.094
    121	0.0134
    122	0.0134
    123	0.0134
    124	0.0134
    125	0.0134
    126	0.0134
    127	0.0134
    128	0.0134
    129	0.0134
    130	0.0134
    131	0.0134
    132	0.0134
    133	0.0134
    134	0.0134
    135	0.0134
    136	0.0134
    137	0.0134
    138	0.0134
    139	0.0134
    140	0.0134
    141	0.0134
    142	0.0134
    143	0.0134
    144	0.0134
    145	0.0134
    146	0.0134
    147	0.0134
    148	0.0134
    149	0.0134
    150	0.0134
    151	0.0134
    152	0.0134
    153	0.0134
    154	0.0134
    155	0.0134
    156	0.0134
    157	0.0134
    158	0.0134
    159	0.0134
    160	0.0134
    161	0.0134
    162	0.0134
    163	0.0134
    164	0.0134
    165	0.0134
    166	0.0134
    167	0.0134
    168	0.0134
    169	0.0134
    170	0.0134
    171	0.0134
    172	0.0134
    173	0.0134
    174	0.0134
    175	0.0134
    176	0.0134
    177	0.0134
    178	0.0134
    179	0.0134
    180	0.0134
    181	0.0134
    182	0.0134
    183	0.0134
    184	0.0134
    185	0.0134
    186	0.0134
    187	0.0134
    188	0.0134
    189	0.0134
    190	0.0134
    191	0.0134
    192	0.0134
    193	0.094
    194	0.094
    195	0.094
    196	0.094
    197	0.094
    198	0.094
    199	0.094
    200	0.094
    201	0.094
    202	0.094
    203	0.094
    204	0.094
    205	0.094
    206	0.094
    207	0.094
    208	0.094
    209	0.094
    210	0.094
    211	0.094
    212	0.094
    213	0.094
    214	0.094
    215	0.094
    216	0.094
    217	0.065
    218	0.065
    219	0.065
    220	0.065
    221	0.065
    222	0.065
    223	0.065
    224	0.065
    225	0.065
    226	0.065
    227	0.065
    228	0.065
    229	0.065
    230	0.065
    231	0.065
    232	0.065
    233	0.065
    234	0.065
    235	0.065
    236	0.065
    237	0.065
    238	0.065
    239	0.065
    240	0.065
    241	0.065
    242	0.065
    243	0.065
    244	0.065
    245	0.065
    246	0.065
    247	0.065
    248	0.065
    249	0.065
    250	0.065
    251	0.065
    252	0.065
    253	0.065
    254	0.065
    255	0.065
    256	0.065
    257	0.065
    258	0.065
    259	0.065
    260	0.065
    261	0.065
    262	0.065
    263	0.065
    264	0.065
    265	0.065
    266	0.065
    267	0.065
    268	0.065
    269	0.065
    270	0.065
    271	0.065
    272	0.065
    273	0.065
    274	0.065
    275	0.065
    276	0.065
    277	0.065
    278	0.065
    279	0.065
    280	0.065
    281	0.065
    282	0.065
    283	0.065
    284	0.065
    285	0.065
    286	0.065
    287	0.065
    288	0.065
/
;
