parameter alpha(t) Price of energy at time interval t for winter
*t      alpha(t) ($)
/
    1	0.101
    2	0.101
    3	0.101
    4	0.101
    5	0.101
    6	0.101
    7	0.101
    8	0.101
    9	0.101
    10	0.101
    11	0.101
    12	0.101
    13	0.101
    14	0.101
    15	0.101
    16	0.101
    17	0.101
    18	0.101
    19	0.101
    20	0.101
    21	0.101
    22	0.101
    23	0.101
    24	0.101
    25	0.101
    26	0.101
    27	0.101
    28	0.101
    29	0.101
    30	0.101
    31	0.101
    32	0.101
    33	0.101
    34	0.101
    35	0.101
    36	0.101
    37	0.101
    38	0.101
    39	0.101
    40	0.101
    41	0.101
    42	0.101
    43	0.101
    44	0.101
    45	0.101
    46	0.101
    47	0.101
    48	0.101
    49	0.101
    50	0.101
    51	0.101
    52	0.101
    53	0.101
    54	0.101
    55	0.101
    56	0.101
    57	0.101
    58	0.101
    59	0.101
    60	0.101
    61	0.101
    62	0.101
    63	0.101
    64	0.101
    65	0.101
    66	0.101
    67	0.101
    68	0.101
    69	0.101
    70	0.101
    71	0.101
    72	0.101
    73	0.208
    74	0.208
    75	0.208
    76	0.208
    77	0.208
    78	0.208
    79	0.208
    80	0.208
    81	0.208
    82	0.208
    83	0.208
    84	0.208
    85	0.208
    86	0.208
    87	0.208
    88	0.208
    89	0.208
    90	0.208
    91	0.208
    92	0.208
    93	0.208
    94	0.208
    95	0.208
    96	0.208
    97	0.208
    98	0.208
    99	0.208
    100	0.208
    101	0.208
    102	0.208
    103	0.208
    104	0.208
    105	0.208
    106	0.208
    107	0.208
    108	0.208
    109	0.208
    110	0.208
    111	0.208
    112	0.208
    113	0.208
    114	0.208
    115	0.208
    116	0.208
    117	0.208
    118	0.208
    119	0.208
    120	0.208
    121	0.144
    122	0.144
    123	0.144
    124	0.144
    125	0.144
    126	0.144
    127	0.144
    128	0.144
    129	0.144
    130	0.144
    131	0.144
    132	0.144
    133	0.144
    134	0.144
    135	0.144
    136	0.144
    137	0.144
    138	0.144
    139	0.144
    140	0.144
    141	0.144
    142	0.144
    143	0.144
    144	0.144
    145	0.144
    146	0.144
    147	0.144
    148	0.144
    149	0.144
    150	0.144
    151	0.144
    152	0.144
    153	0.144
    154	0.144
    155	0.144
    156	0.144
    157	0.144
    158	0.144
    159	0.144
    160	0.144
    161	0.144
    162	0.144
    163	0.144
    164	0.144
    165	0.144
    166	0.144
    167	0.144
    168	0.144
    169	0.144
    170	0.144
    171	0.144
    172	0.144
    173	0.144
    174	0.144
    175	0.144
    176	0.144
    177	0.144
    178	0.144
    179	0.144
    180	0.144
    181	0.144
    182	0.144
    183	0.144
    184	0.144
    185	0.144
    186	0.144
    187	0.144
    188	0.144
    189	0.144
    190	0.144
    191	0.144
    192	0.144
    193	0.208
    194	0.208
    195	0.208
    196	0.208
    197	0.208
    198	0.208
    199	0.208
    200	0.208
    201	0.208
    202	0.208
    203	0.208
    204	0.208
    205	0.208
    206	0.208
    207	0.208
    208	0.208
    209	0.208
    210	0.208
    211	0.208
    212	0.208
    213	0.208
    214	0.208
    215	0.208
    216	0.208
    217	0.101
    218	0.101
    219	0.101
    220	0.101
    221	0.101
    222	0.101
    223	0.101
    224	0.101
    225	0.101
    226	0.101
    227	0.101
    228	0.101
    229	0.101
    230	0.101
    231	0.101
    232	0.101
    233	0.101
    234	0.101
    235	0.101
    236	0.101
    237	0.101
    238	0.101
    239	0.101
    240	0.101
    241	0.101
    242	0.101
    243	0.101
    244	0.101
    245	0.101
    246	0.101
    247	0.101
    248	0.101
    249	0.101
    250	0.101
    251	0.101
    252	0.101
    253	0.101
    254	0.101
    255	0.101
    256	0.101
    257	0.101
    258	0.101
    259	0.101
    260	0.101
    261	0.101
    262	0.101
    263	0.101
    264	0.101
    265	0.101
    266	0.101
    267	0.101
    268	0.101
    269	0.101
    270	0.101
    271	0.101
    272	0.101
    273	0.101
    274	0.101
    275	0.101
    276	0.101
    277	0.101
    278	0.101
    279	0.101
    280	0.101
    281	0.101
    282	0.101
    283	0.101
    284	0.101
    285	0.101
    286	0.101
    287	0.101
    288	0.101
    /
;
